   0.0000000e+00   1.0000000e-04
   1.3000000e+05   1.0000000e-04
   1.4000000e+05   1.0000000e-04
   1.6000000e+05   1.0000000e-04
   1.8000000e+05   1.0000000e-04
   2.0000000e+05   1.0000000e-04
   2.2000000e+05   1.0000000e-04
   2.5000000e+05   1.0000000e-04
   2.8000000e+05   1.0000000e-04
   3.2000000e+05   1.0000000e-04
   3.5000000e+05   1.0000000e-04
   4.0000000e+05   1.0000000e-04
   4.5000000e+05   1.0000000e-04
   5.0000000e+05   1.0000000e-04
   5.6000000e+05   1.0000000e-04
   6.3000000e+05   1.0000000e-04
   7.1000000e+05   1.0000000e-04
   7.9000000e+05   1.0000000e-04
   8.9000000e+05   1.0000000e-04
   1.0000000e+06   1.0000000e-04
   1.0500000e+06   1.0000000e-04
   1.1000000e+06   1.0000000e-04
   1.1500000e+06   1.0000000e-04
   1.2000000e+06   1.0000000e-04
   1.2600000e+06   1.0000000e-04
   1.3200000e+06   1.0000000e-04
   1.3800000e+06   1.0000000e-04
   1.4500000e+06   1.0000000e-04
   1.5100000e+06   1.0000000e-04
   1.5800000e+06   1.0000000e-04
   1.6600000e+06   1.0000000e-04
   1.7400000e+06   1.0000000e-04
   1.8200000e+06   1.0000000e-04
   1.9100000e+06   1.0000000e-04
   2.0000000e+06   1.0000000e-04
   2.0900000e+06   1.0000000e-04
   2.1900000e+06   1.0000000e-04
   2.2900000e+06   1.0000000e-04
   2.4000000e+06   1.0000000e-04
   2.5100000e+06   1.0000000e-04
   2.6300000e+06   1.0000000e-04
   2.7500000e+06   1.0000000e-04
   2.8800000e+06   1.0000000e-04
   3.0200000e+06   1.0000000e-04
   3.1600000e+06   1.0000000e-04
   3.3100000e+06   1.0000000e-04
   3.4700000e+06   1.0000000e-04
   3.6300000e+06   1.0000000e-04
   3.8000000e+06   1.0000000e-04
   3.9800000e+06   1.0000000e-04
   4.1700000e+06   1.0000000e-04
   4.3700000e+06   1.0000000e-04
   4.5700000e+06   1.0000000e-04
   4.7900000e+06   1.0000000e-04
   5.0100000e+06   1.0000000e-04
   5.2500000e+06   1.0000000e-04
   5.5000000e+06   1.0000000e-04
   5.7500000e+06   1.0000000e-04
   6.0300000e+06   1.0000000e-04
   6.3100000e+06   1.0000000e-04
   6.6100000e+06   1.0000000e-04
   6.9200000e+06   1.0000000e-04
   7.2400000e+06   1.0000000e-04
   7.5900000e+06   1.0000000e-04
   7.9400000e+06   1.0000000e-04
   8.3200000e+06   1.0000000e-04
   8.7100000e+06   1.0000000e-04
   9.1200000e+06   1.0000000e-04
   9.5500000e+06   1.0000000e-04
   1.0000000e+07   1.0000000e-04
   1.0470000e+07   1.0000000e-04
   1.0960000e+07   1.0000000e-04
   1.1480000e+07   1.0000000e-04
   1.2020000e+07   1.0000000e-04
   1.2590000e+07   1.0000000e-04
   1.3180000e+07   1.0000000e-04
   1.3800000e+07   1.0000000e-04
   1.4450000e+07   1.0000000e-04
   1.5140000e+07   1.0000000e-04
   1.5850000e+07   1.0000000e-04
   1.6600000e+07   1.0000000e-04
   1.7380000e+07   1.0000000e-04
   1.8200000e+07   1.0000000e-04
   1.9050000e+07   1.0000000e-04
   1.9950000e+07   1.0000000e-04
   2.0890000e+07   1.0000000e-04
   2.1880000e+07   1.0000000e-04
   2.2910000e+07   1.0000000e-04
   2.3990000e+07   1.0000000e-04
   2.5120000e+07   1.0000000e-04
   2.6300000e+07   1.0000000e-04
   2.7540000e+07   1.0000000e-04
   2.9000000e+07   1.0000000e-04
   3.0000000e+07   1.0000000e-04
   3.1000000e+07   1.0000000e-04
   3.2000000e+07   1.0000000e-04
   3.3000000e+07   1.0000000e-04
   3.4000000e+07   1.0000000e-04
   3.5000000e+07   1.0000000e-04
   3.6000000e+07   1.0000000e-04
   3.7000000e+07   1.0000000e-04
   3.8000000e+07   1.0000000e-04
   3.9000000e+07   1.0000000e-04
   4.0000000e+07   1.0000000e-04
   4.2500000e+07   1.0000000e-04
   4.5000000e+07   1.0000000e-04
   4.7500000e+07   1.0000000e-04
   5.0000000e+07   1.0000000e-04
   5.2500000e+07   1.0000000e-04
   5.5000000e+07   1.0000000e-04
   5.7090000e+07   1.0000000e-04
   6.4050000e+07   1.0000000e-04
   7.1870000e+07   1.0000000e-04
   8.0640000e+07   1.0000000e-04
   9.0480000e+07   1.0000000e-04
   1.0152000e+08   1.0000000e-04
   1.1391000e+08   1.0000000e-04
   1.2780000e+08   1.0000000e-04
   1.4340000e+08   1.0000000e-04
   1.6090000e+08   1.0000000e-04
   1.8053000e+08   1.0000000e-04
   2.0256000e+08   1.0000000e-04
   2.2727000e+08   1.0000000e-04
   2.5500000e+08   1.0000000e-04
   2.8612000e+08   1.0000000e-04
   3.2103000e+08   1.0000000e-04
   3.6020000e+08   1.0000000e-04
   4.0415000e+08   1.0000000e-04
   4.5347000e+08   1.0000000e-04
   5.0880000e+08   1.0000000e-04
   5.7088000e+08   1.0000000e-04
   6.4054000e+08   1.0000000e-04
   7.1870000e+08   1.0000000e-04
   8.0640000e+08   1.0000000e-04
   9.0479000e+08   1.0000000e-04
   1.0151900e+09   1.0000000e-04
   1.1390700e+09   1.0000000e-04
   1.2780500e+09   1.0000000e-04
   1.4340000e+09   1.0000000e-04
   1.6089800e+09   1.0000000e-04
   1.6800000e+09   1.0000000e-04
   1.7000000e+09   1.0000000e-04
   1.8000000e+09   1.0000000e-04
   1.9000000e+09   1.0000000e-04
   2.0000000e+09   1.0000000e-04
   2.1000000e+09   1.0000000e-04
   2.2000000e+09   1.0000000e-04
   2.3000000e+09   1.0000000e-04
   2.4000000e+09   1.0000000e-04
   2.5000000e+09   1.0000000e-04
   2.6000000e+09   1.0000000e-04
   2.7500000e+09   1.0000000e-04
   3.0000000e+09   1.0000000e-04
   3.2500000e+09   1.0000000e-04
   3.5000000e+09   1.0000000e-04
   3.7500000e+09   1.0000000e-04
   4.0000000e+09   1.0000000e-04
   4.2500000e+09   1.0000000e-04
   4.5000000e+09   1.0000000e-04
   4.7500000e+09   1.0000000e-04
   5.0000000e+09   1.0000000e-04
   5.2500000e+09   1.0000000e-04
   5.5000000e+09   1.0000000e-04
   5.7500000e+09   1.0000000e-04
   6.0000000e+09   1.0000000e-04
   6.2500000e+09   1.0000000e-04
   6.5000000e+09   1.0000000e-04
   6.7500000e+09   1.0000000e-04
   7.0000000e+09   1.0000000e-04
   7.2500000e+09   1.0000000e-04
   7.5000000e+09   1.0000000e-04
   7.7500000e+09   1.0000000e-04
   8.0000000e+09   1.0000000e-04
   8.2500000e+09   1.0000000e-04
   8.5000000e+09   1.0000000e-04
   8.7500000e+09   1.0000000e-04
   9.0000000e+09   1.0000000e-04
   9.2500000e+09   1.0000000e-04
   9.5000000e+09   1.0000000e-04
   9.7500000e+09   1.0000000e-04
   1.0000000e+10   1.0000000e-04
   1.0250000e+10   1.0000000e-04
   1.0500000e+10   1.0000000e-04
   1.0750000e+10   1.0000000e-04
   1.1000000e+10   1.0000000e-04
   1.1250000e+10   1.0000000e-04
   1.1500000e+10   1.0000000e-04
   1.1750000e+10   1.0000000e-04
   1.2000000e+10   1.0000000e-04
   1.2250000e+10   1.0000000e-04
   1.2500000e+10   1.0000000e-04
   1.2750000e+10   1.0000000e-04
   1.3000000e+10   1.0000000e-04
   1.3250000e+10   1.0000000e-04
   1.3500000e+10   1.0000000e-04
   1.3750000e+10   1.0000000e-04
   1.4000000e+10   1.0000000e-04
   1.4250000e+10   1.0000000e-04
   1.4500000e+10   1.0000000e-04
   1.4750000e+10   1.0000000e-04
   1.5000000e+10   1.0000000e-04
   1.5250000e+10   1.0000000e-04
   1.5500000e+10   1.0000000e-04
   1.5750000e+10   1.0000000e-04
   1.6000000e+10   1.0000000e-04
   1.6250000e+10   1.0000000e-04
   1.6500000e+10   1.0000000e-04
   1.6750000e+10   1.0000000e-04
   1.7000000e+10   1.0000000e-04
   1.7250000e+10   1.0000000e-04
   1.7500000e+10   1.0000000e-04
   1.7750000e+10   1.0000000e-04
   1.8000000e+10   1.0000000e-04
   0.0000000e+00   4.0000000e-04
   1.3000000e+05   4.0000000e-04
   1.4000000e+05   4.0000000e-04
   1.6000000e+05   4.0000000e-04
   1.8000000e+05   4.0000000e-04
   2.0000000e+05   4.0000000e-04
   2.2000000e+05   4.0000000e-04
   2.5000000e+05   4.0000000e-04
   2.8000000e+05   4.0000000e-04
   3.2000000e+05   4.0000000e-04
   3.5000000e+05   4.0000000e-04
   4.0000000e+05   4.0000000e-04
   4.5000000e+05   4.0000000e-04
   5.0000000e+05   4.0000000e-04
   5.6000000e+05   4.0000000e-04
   6.3000000e+05   4.0000000e-04
   7.1000000e+05   4.0000000e-04
   7.9000000e+05   4.0000000e-04
   8.9000000e+05   4.0000000e-04
   1.0000000e+06   4.0000000e-04
   1.0500000e+06   4.0000000e-04
   1.1000000e+06   4.0000000e-04
   1.1500000e+06   4.0000000e-04
   1.2000000e+06   4.0000000e-04
   1.2600000e+06   4.0000000e-04
   1.3200000e+06   4.0000000e-04
   1.3800000e+06   4.0000000e-04
   1.4500000e+06   4.0000000e-04
   1.5100000e+06   4.0000000e-04
   1.5800000e+06   4.0000000e-04
   1.6600000e+06   4.0000000e-04
   1.7400000e+06   4.0000000e-04
   1.8200000e+06   4.0000000e-04
   1.9100000e+06   4.0000000e-04
   2.0000000e+06   4.0000000e-04
   2.0900000e+06   4.0000000e-04
   2.1900000e+06   4.0000000e-04
   2.2900000e+06   4.0000000e-04
   2.4000000e+06   4.0000000e-04
   2.5100000e+06   4.0000000e-04
   2.6300000e+06   4.0000000e-04
   2.7500000e+06   4.0000000e-04
   2.8800000e+06   4.0000000e-04
   3.0200000e+06   4.0000000e-04
   3.1600000e+06   4.0000000e-04
   3.3100000e+06   4.0000000e-04
   3.4700000e+06   4.0000000e-04
   3.6300000e+06   4.0000000e-04
   3.8000000e+06   4.0000000e-04
   3.9800000e+06   4.0000000e-04
   4.1700000e+06   4.0000000e-04
   4.3700000e+06   4.0000000e-04
   4.5700000e+06   4.0000000e-04
   4.7900000e+06   4.0000000e-04
   5.0100000e+06   4.0000000e-04
   5.2500000e+06   4.0000000e-04
   5.5000000e+06   4.0000000e-04
   5.7500000e+06   4.0000000e-04
   6.0300000e+06   4.0000000e-04
   6.3100000e+06   4.0000000e-04
   6.6100000e+06   4.0000000e-04
   6.9200000e+06   4.0000000e-04
   7.2400000e+06   4.0000000e-04
   7.5900000e+06   4.0000000e-04
   7.9400000e+06   4.0000000e-04
   8.3200000e+06   4.0000000e-04
   8.7100000e+06   4.0000000e-04
   9.1200000e+06   4.0000000e-04
   9.5500000e+06   4.0000000e-04
   1.0000000e+07   4.0000000e-04
   1.0470000e+07   4.0000000e-04
   1.0960000e+07   4.0000000e-04
   1.1480000e+07   4.0000000e-04
   1.2020000e+07   4.0000000e-04
   1.2590000e+07   4.0000000e-04
   1.3180000e+07   4.0000000e-04
   1.3800000e+07   4.0000000e-04
   1.4450000e+07   4.0000000e-04
   1.5140000e+07   4.0000000e-04
   1.5850000e+07   4.0000000e-04
   1.6600000e+07   4.0000000e-04
   1.7380000e+07   4.0000000e-04
   1.8200000e+07   4.0000000e-04
   1.9050000e+07   4.0000000e-04
   1.9950000e+07   4.0000000e-04
   2.0890000e+07   4.0000000e-04
   2.1880000e+07   4.0000000e-04
   2.2910000e+07   4.0000000e-04
   2.3990000e+07   4.0000000e-04
   2.5120000e+07   4.0000000e-04
   2.6300000e+07   4.0000000e-04
   2.7540000e+07   4.0000000e-04
   2.9000000e+07   4.0000000e-04
   3.0000000e+07   4.0000000e-04
   3.1000000e+07   4.0000000e-04
   3.2000000e+07   4.0000000e-04
   3.3000000e+07   4.0000000e-04
   3.4000000e+07   4.0000000e-04
   3.5000000e+07   4.0000000e-04
   3.6000000e+07   4.0000000e-04
   3.7000000e+07   4.0000000e-04
   3.8000000e+07   4.0000000e-04
   3.9000000e+07   4.0000000e-04
   4.0000000e+07   4.0000000e-04
   4.2500000e+07   4.0000000e-04
   4.5000000e+07   4.0000000e-04
   4.7500000e+07   4.0000000e-04
   5.0000000e+07   4.0000000e-04
   5.2500000e+07   4.0000000e-04
   5.5000000e+07   4.0000000e-04
   5.7090000e+07   4.0000000e-04
   6.4050000e+07   4.0000000e-04
   7.1870000e+07   4.0000000e-04
   8.0640000e+07   4.0000000e-04
   9.0480000e+07   4.0000000e-04
   1.0152000e+08   4.0000000e-04
   1.1391000e+08   4.0000000e-04
   1.2780000e+08   4.0000000e-04
   1.4340000e+08   4.0000000e-04
   1.6090000e+08   4.0000000e-04
   1.8053000e+08   4.0000000e-04
   2.0256000e+08   4.0000000e-04
   2.2727000e+08   4.0000000e-04
   2.5500000e+08   4.0000000e-04
   2.8612000e+08   4.0000000e-04
   3.2103000e+08   4.0000000e-04
   3.6020000e+08   4.0000000e-04
   4.0415000e+08   4.0000000e-04
   4.5347000e+08   4.0000000e-04
   5.0880000e+08   4.0000000e-04
   5.7088000e+08   4.0000000e-04
   6.4054000e+08   4.0000000e-04
   7.1870000e+08   4.0000000e-04
   8.0640000e+08   4.0000000e-04
   9.0479000e+08   4.0000000e-04
   1.0151900e+09   4.0000000e-04
   1.1390700e+09   4.0000000e-04
   1.2780500e+09   4.0000000e-04
   1.4340000e+09   4.0000000e-04
   1.6089800e+09   4.0000000e-04
   1.6800000e+09   4.0000000e-04
   1.7000000e+09   4.0000000e-04
   1.8000000e+09   4.0000000e-04
   1.9000000e+09   4.0000000e-04
   2.0000000e+09   4.0000000e-04
   2.1000000e+09   4.0000000e-04
   2.2000000e+09   4.0000000e-04
   2.3000000e+09   4.0000000e-04
   2.4000000e+09   4.0000000e-04
   2.5000000e+09   4.0000000e-04
   2.6000000e+09   4.0000000e-04
   2.7500000e+09   4.0000000e-04
   3.0000000e+09   4.0000000e-04
   3.2500000e+09   4.0000000e-04
   3.5000000e+09   4.0000000e-04
   3.7500000e+09   4.0000000e-04
   4.0000000e+09   4.0000000e-04
   4.2500000e+09   4.0000000e-04
   4.5000000e+09   4.0000000e-04
   4.7500000e+09   4.0000000e-04
   5.0000000e+09   4.0000000e-04
   5.2500000e+09   4.0000000e-04
   5.5000000e+09   4.0000000e-04
   5.7500000e+09   4.0000000e-04
   6.0000000e+09   4.0000000e-04
   6.2500000e+09   4.0000000e-04
   6.5000000e+09   4.0000000e-04
   6.7500000e+09   4.0000000e-04
   7.0000000e+09   4.0000000e-04
   7.2500000e+09   4.0000000e-04
   7.5000000e+09   4.0000000e-04
   7.7500000e+09   4.0000000e-04
   8.0000000e+09   4.0000000e-04
   8.2500000e+09   4.0000000e-04
   8.5000000e+09   4.0000000e-04
   8.7500000e+09   4.0000000e-04
   9.0000000e+09   4.0000000e-04
   9.2500000e+09   4.0000000e-04
   9.5000000e+09   4.0000000e-04
   9.7500000e+09   4.0000000e-04
   1.0000000e+10   4.0000000e-04
   1.0250000e+10   4.0000000e-04
   1.0500000e+10   4.0000000e-04
   1.0750000e+10   4.0000000e-04
   1.1000000e+10   4.0000000e-04
   1.1250000e+10   4.0000000e-04
   1.1500000e+10   4.0000000e-04
   1.1750000e+10   4.0000000e-04
   1.2000000e+10   4.0000000e-04
   1.2250000e+10   4.0000000e-04
   1.2500000e+10   4.0000000e-04
   1.2750000e+10   4.0000000e-04
   1.3000000e+10   4.0000000e-04
   1.3250000e+10   4.0000000e-04
   1.3500000e+10   4.0000000e-04
   1.3750000e+10   4.0000000e-04
   1.4000000e+10   4.0000000e-04
   1.4250000e+10   4.0000000e-04
   1.4500000e+10   4.0000000e-04
   1.4750000e+10   4.0000000e-04
   1.5000000e+10   4.0000000e-04
   1.5250000e+10   4.0000000e-04
   1.5500000e+10   4.0000000e-04
   1.5750000e+10   4.0000000e-04
   1.6000000e+10   4.0000000e-04
   1.6250000e+10   4.0000000e-04
   1.6500000e+10   4.0000000e-04
   1.6750000e+10   4.0000000e-04
   1.7000000e+10   4.0000000e-04
   1.7250000e+10   4.0000000e-04
   1.7500000e+10   4.0000000e-04
   1.7750000e+10   4.0000000e-04
   1.8000000e+10   4.0000000e-04
   0.0000000e+00   4.0000000e-03
   1.3000000e+05   4.0000000e-03
   1.4000000e+05   4.0000000e-03
   1.6000000e+05   4.0000000e-03
   1.8000000e+05   4.0000000e-03
   2.0000000e+05   4.0000000e-03
   2.2000000e+05   4.0000000e-03
   2.5000000e+05   4.0000000e-03
   2.8000000e+05   4.0000000e-03
   3.2000000e+05   4.0000000e-03
   3.5000000e+05   4.0000000e-03
   4.0000000e+05   4.0000000e-03
   4.5000000e+05   4.0000000e-03
   5.0000000e+05   4.0000000e-03
   5.6000000e+05   4.0000000e-03
   6.3000000e+05   4.0000000e-03
   7.1000000e+05   4.0000000e-03
   7.9000000e+05   4.0000000e-03
   8.9000000e+05   4.0000000e-03
   1.0000000e+06   4.0000000e-03
   1.0500000e+06   4.0000000e-03
   1.1000000e+06   4.0000000e-03
   1.1500000e+06   4.0000000e-03
   1.2000000e+06   4.0000000e-03
   1.2600000e+06   4.0000000e-03
   1.3200000e+06   4.0000000e-03
   1.3800000e+06   4.0000000e-03
   1.4500000e+06   4.0000000e-03
   1.5100000e+06   4.0000000e-03
   1.5800000e+06   4.0000000e-03
   1.6600000e+06   4.0000000e-03
   1.7400000e+06   4.0000000e-03
   1.8200000e+06   4.0000000e-03
   1.9100000e+06   4.0000000e-03
   2.0000000e+06   4.0000000e-03
   2.0900000e+06   4.0000000e-03
   2.1900000e+06   4.0000000e-03
   2.2900000e+06   4.0000000e-03
   2.4000000e+06   4.0000000e-03
   2.5100000e+06   4.0000000e-03
   2.6300000e+06   4.0000000e-03
   2.7500000e+06   4.0000000e-03
   2.8800000e+06   4.0000000e-03
   3.0200000e+06   4.0000000e-03
   3.1600000e+06   4.0000000e-03
   3.3100000e+06   4.0000000e-03
   3.4700000e+06   4.0000000e-03
   3.6300000e+06   4.0000000e-03
   3.8000000e+06   4.0000000e-03
   3.9800000e+06   4.0000000e-03
   4.1700000e+06   4.0000000e-03
   4.3700000e+06   4.0000000e-03
   4.5700000e+06   4.0000000e-03
   4.7900000e+06   4.0000000e-03
   5.0100000e+06   4.0000000e-03
   5.2500000e+06   4.0000000e-03
   5.5000000e+06   4.0000000e-03
   5.7500000e+06   4.0000000e-03
   6.0300000e+06   4.0000000e-03
   6.3100000e+06   4.0000000e-03
   6.6100000e+06   4.0000000e-03
   6.9200000e+06   4.0000000e-03
   7.2400000e+06   4.0000000e-03
   7.5900000e+06   4.0000000e-03
   7.9400000e+06   4.0000000e-03
   8.3200000e+06   4.0000000e-03
   8.7100000e+06   4.0000000e-03
   9.1200000e+06   4.0000000e-03
   9.5500000e+06   4.0000000e-03
   1.0000000e+07   4.0000000e-03
   1.0470000e+07   4.0000000e-03
   1.0960000e+07   4.0000000e-03
   1.1480000e+07   4.0000000e-03
   1.2020000e+07   4.0000000e-03
   1.2590000e+07   4.0000000e-03
   1.3180000e+07   4.0000000e-03
   1.3800000e+07   4.0000000e-03
   1.4450000e+07   4.0000000e-03
   1.5140000e+07   4.0000000e-03
   1.5850000e+07   4.0000000e-03
   1.6600000e+07   4.0000000e-03
   1.7380000e+07   4.0000000e-03
   1.8200000e+07   4.0000000e-03
   1.9050000e+07   4.0000000e-03
   1.9950000e+07   4.0000000e-03
   2.0890000e+07   4.0000000e-03
   2.1880000e+07   4.0000000e-03
   2.2910000e+07   4.0000000e-03
   2.3990000e+07   4.0000000e-03
   2.5120000e+07   4.0000000e-03
   2.6300000e+07   4.0000000e-03
   2.7540000e+07   4.0000000e-03
   2.9000000e+07   4.0000000e-03
   3.0000000e+07   4.0000000e-03
   3.1000000e+07   4.0000000e-03
   3.2000000e+07   4.0000000e-03
   3.3000000e+07   4.0000000e-03
   3.4000000e+07   4.0000000e-03
   3.5000000e+07   4.0000000e-03
   3.6000000e+07   4.0000000e-03
   3.7000000e+07   4.0000000e-03
   3.8000000e+07   4.0000000e-03
   3.9000000e+07   4.0000000e-03
   4.0000000e+07   4.0000000e-03
   4.2500000e+07   4.0000000e-03
   4.5000000e+07   4.0000000e-03
   4.7500000e+07   4.0000000e-03
   5.0000000e+07   4.0000000e-03
   5.2500000e+07   4.0000000e-03
   5.5000000e+07   4.0000000e-03
   5.7090000e+07   4.0000000e-03
   6.4050000e+07   4.0000000e-03
   7.1870000e+07   4.0000000e-03
   8.0640000e+07   4.0000000e-03
   9.0480000e+07   4.0000000e-03
   1.0152000e+08   4.0000000e-03
   1.1391000e+08   4.0000000e-03
   1.2780000e+08   4.0000000e-03
   1.4340000e+08   4.0000000e-03
   1.6090000e+08   4.0000000e-03
   1.8053000e+08   4.0000000e-03
   2.0256000e+08   4.0000000e-03
   2.2727000e+08   4.0000000e-03
   2.5500000e+08   4.0000000e-03
   2.8612000e+08   4.0000000e-03
   3.2103000e+08   4.0000000e-03
   3.6020000e+08   4.0000000e-03
   4.0415000e+08   4.0000000e-03
   4.5347000e+08   4.0000000e-03
   5.0880000e+08   4.0000000e-03
   5.7088000e+08   4.0000000e-03
   6.4054000e+08   4.0000000e-03
   7.1870000e+08   4.0000000e-03
   8.0640000e+08   4.0000000e-03
   9.0479000e+08   4.0000000e-03
   1.0151900e+09   4.0000000e-03
   1.1390700e+09   4.0000000e-03
   1.2780500e+09   4.0000000e-03
   1.4340000e+09   4.0000000e-03
   1.6089800e+09   4.0000000e-03
   1.6800000e+09   4.0000000e-03
   1.7000000e+09   4.0000000e-03
   1.8000000e+09   4.0000000e-03
   1.9000000e+09   4.0000000e-03
   2.0000000e+09   4.0000000e-03
   2.1000000e+09   4.0000000e-03
   2.2000000e+09   4.0000000e-03
   2.3000000e+09   4.0000000e-03
   2.4000000e+09   4.0000000e-03
   2.5000000e+09   4.0000000e-03
   2.6000000e+09   4.0000000e-03
   2.7500000e+09   4.0000000e-03
   3.0000000e+09   4.0000000e-03
   3.2500000e+09   4.0000000e-03
   3.5000000e+09   4.0000000e-03
   3.7500000e+09   4.0000000e-03
   4.0000000e+09   4.0000000e-03
   4.2500000e+09   4.0000000e-03
   4.5000000e+09   4.0000000e-03
   4.7500000e+09   4.0000000e-03
   5.0000000e+09   4.0000000e-03
   5.2500000e+09   4.0000000e-03
   5.5000000e+09   4.0000000e-03
   5.7500000e+09   4.0000000e-03
   6.0000000e+09   4.0000000e-03
   6.2500000e+09   4.0000000e-03
   6.5000000e+09   4.0000000e-03
   6.7500000e+09   4.0000000e-03
   7.0000000e+09   4.0000000e-03
   7.2500000e+09   4.0000000e-03
   7.5000000e+09   4.0000000e-03
   7.7500000e+09   4.0000000e-03
   8.0000000e+09   4.0000000e-03
   8.2500000e+09   4.0000000e-03
   8.5000000e+09   4.0000000e-03
   8.7500000e+09   4.0000000e-03
   9.0000000e+09   4.0000000e-03
   9.2500000e+09   4.0000000e-03
   9.5000000e+09   4.0000000e-03
   9.7500000e+09   4.0000000e-03
   1.0000000e+10   4.0000000e-03
   1.0250000e+10   4.0000000e-03
   1.0500000e+10   4.0000000e-03
   1.0750000e+10   4.0000000e-03
   1.1000000e+10   4.0000000e-03
   1.1250000e+10   4.0000000e-03
   1.1500000e+10   4.0000000e-03
   1.1750000e+10   4.0000000e-03
   1.2000000e+10   4.0000000e-03
   1.2250000e+10   4.0000000e-03
   1.2500000e+10   4.0000000e-03
   1.2750000e+10   4.0000000e-03
   1.3000000e+10   4.0000000e-03
   1.3250000e+10   4.0000000e-03
   1.3500000e+10   4.0000000e-03
   1.3750000e+10   4.0000000e-03
   1.4000000e+10   4.0000000e-03
   1.4250000e+10   4.0000000e-03
   1.4500000e+10   4.0000000e-03
   1.4750000e+10   4.0000000e-03
   1.5000000e+10   4.0000000e-03
   1.5250000e+10   4.0000000e-03
   1.5500000e+10   4.0000000e-03
   1.5750000e+10   4.0000000e-03
   1.6000000e+10   4.0000000e-03
   1.6250000e+10   4.0000000e-03
   1.6500000e+10   4.0000000e-03
   1.6750000e+10   4.0000000e-03
   1.7000000e+10   4.0000000e-03
   1.7250000e+10   4.0000000e-03
   1.7500000e+10   4.0000000e-03
   1.7750000e+10   4.0000000e-03
   1.8000000e+10   4.0000000e-03
   0.0000000e+00   8.0000000e-03
   1.3000000e+05   8.0000000e-03
   1.4000000e+05   8.0000000e-03
   1.6000000e+05   8.0000000e-03
   1.8000000e+05   8.0000000e-03
   2.0000000e+05   8.0000000e-03
   2.2000000e+05   8.0000000e-03
   2.5000000e+05   8.0000000e-03
   2.8000000e+05   8.0000000e-03
   3.2000000e+05   8.0000000e-03
   3.5000000e+05   8.0000000e-03
   4.0000000e+05   8.0000000e-03
   4.5000000e+05   8.0000000e-03
   5.0000000e+05   8.0000000e-03
   5.6000000e+05   8.0000000e-03
   6.3000000e+05   8.0000000e-03
   7.1000000e+05   8.0000000e-03
   7.9000000e+05   8.0000000e-03
   8.9000000e+05   8.0000000e-03
   1.0000000e+06   8.0000000e-03
   1.0500000e+06   8.0000000e-03
   1.1000000e+06   8.0000000e-03
   1.1500000e+06   8.0000000e-03
   1.2000000e+06   8.0000000e-03
   1.2600000e+06   8.0000000e-03
   1.3200000e+06   8.0000000e-03
   1.3800000e+06   8.0000000e-03
   1.4500000e+06   8.0000000e-03
   1.5100000e+06   8.0000000e-03
   1.5800000e+06   8.0000000e-03
   1.6600000e+06   8.0000000e-03
   1.7400000e+06   8.0000000e-03
   1.8200000e+06   8.0000000e-03
   1.9100000e+06   8.0000000e-03
   2.0000000e+06   8.0000000e-03
   2.0900000e+06   8.0000000e-03
   2.1900000e+06   8.0000000e-03
   2.2900000e+06   8.0000000e-03
   2.4000000e+06   8.0000000e-03
   2.5100000e+06   8.0000000e-03
   2.6300000e+06   8.0000000e-03
   2.7500000e+06   8.0000000e-03
   2.8800000e+06   8.0000000e-03
   3.0200000e+06   8.0000000e-03
   3.1600000e+06   8.0000000e-03
   3.3100000e+06   8.0000000e-03
   3.4700000e+06   8.0000000e-03
   3.6300000e+06   8.0000000e-03
   3.8000000e+06   8.0000000e-03
   3.9800000e+06   8.0000000e-03
   4.1700000e+06   8.0000000e-03
   4.3700000e+06   8.0000000e-03
   4.5700000e+06   8.0000000e-03
   4.7900000e+06   8.0000000e-03
   5.0100000e+06   8.0000000e-03
   5.2500000e+06   8.0000000e-03
   5.5000000e+06   8.0000000e-03
   5.7500000e+06   8.0000000e-03
   6.0300000e+06   8.0000000e-03
   6.3100000e+06   8.0000000e-03
   6.6100000e+06   8.0000000e-03
   6.9200000e+06   8.0000000e-03
   7.2400000e+06   8.0000000e-03
   7.5900000e+06   8.0000000e-03
   7.9400000e+06   8.0000000e-03
   8.3200000e+06   8.0000000e-03
   8.7100000e+06   8.0000000e-03
   9.1200000e+06   8.0000000e-03
   9.5500000e+06   8.0000000e-03
   1.0000000e+07   8.0000000e-03
   1.0470000e+07   8.0000000e-03
   1.0960000e+07   8.0000000e-03
   1.1480000e+07   8.0000000e-03
   1.2020000e+07   8.0000000e-03
   1.2590000e+07   8.0000000e-03
   1.3180000e+07   8.0000000e-03
   1.3800000e+07   8.0000000e-03
   1.4450000e+07   8.0000000e-03
   1.5140000e+07   8.0000000e-03
   1.5850000e+07   8.0000000e-03
   1.6600000e+07   8.0000000e-03
   1.7380000e+07   8.0000000e-03
   1.8200000e+07   8.0000000e-03
   1.9050000e+07   8.0000000e-03
   1.9950000e+07   8.0000000e-03
   2.0890000e+07   8.0000000e-03
   2.1880000e+07   8.0000000e-03
   2.2910000e+07   8.0000000e-03
   2.3990000e+07   8.0000000e-03
   2.5120000e+07   8.0000000e-03
   2.6300000e+07   8.0000000e-03
   2.7540000e+07   8.0000000e-03
   2.9000000e+07   8.0000000e-03
   3.0000000e+07   8.0000000e-03
   3.1000000e+07   8.0000000e-03
   3.2000000e+07   8.0000000e-03
   3.3000000e+07   8.0000000e-03
   3.4000000e+07   8.0000000e-03
   3.5000000e+07   8.0000000e-03
   3.6000000e+07   8.0000000e-03
   3.7000000e+07   8.0000000e-03
   3.8000000e+07   8.0000000e-03
   3.9000000e+07   8.0000000e-03
   4.0000000e+07   8.0000000e-03
   4.2500000e+07   8.0000000e-03
   4.5000000e+07   8.0000000e-03
   4.7500000e+07   8.0000000e-03
   5.0000000e+07   8.0000000e-03
   5.2500000e+07   8.0000000e-03
   5.5000000e+07   8.0000000e-03
   5.7090000e+07   8.0000000e-03
   6.4050000e+07   8.0000000e-03
   7.1870000e+07   8.0000000e-03
   8.0640000e+07   8.0000000e-03
   9.0480000e+07   8.0000000e-03
   1.0152000e+08   8.0000000e-03
   1.1391000e+08   8.0000000e-03
   1.2780000e+08   8.0000000e-03
   1.4340000e+08   8.0000000e-03
   1.6090000e+08   8.0000000e-03
   1.8053000e+08   8.0000000e-03
   2.0256000e+08   8.0000000e-03
   2.2727000e+08   8.0000000e-03
   2.5500000e+08   8.0000000e-03
   2.8612000e+08   8.0000000e-03
   3.2103000e+08   8.0000000e-03
   3.6020000e+08   8.0000000e-03
   4.0415000e+08   8.0000000e-03
   4.5347000e+08   8.0000000e-03
   5.0880000e+08   8.0000000e-03
   5.7088000e+08   8.0000000e-03
   6.4054000e+08   8.0000000e-03
   7.1870000e+08   8.0000000e-03
   8.0640000e+08   8.0000000e-03
   9.0479000e+08   8.0000000e-03
   1.0151900e+09   8.0000000e-03
   1.1390700e+09   8.0000000e-03
   1.2780500e+09   8.0000000e-03
   1.4340000e+09   8.0000000e-03
   1.6089800e+09   8.0000000e-03
   1.6800000e+09   8.0000000e-03
   1.7000000e+09   8.0000000e-03
   1.8000000e+09   8.0000000e-03
   1.9000000e+09   8.0000000e-03
   2.0000000e+09   8.0000000e-03
   2.1000000e+09   8.0000000e-03
   2.2000000e+09   8.0000000e-03
   2.3000000e+09   8.0000000e-03
   2.4000000e+09   8.0000000e-03
   2.5000000e+09   8.0000000e-03
   2.6000000e+09   8.0000000e-03
   2.7500000e+09   8.0000000e-03
   3.0000000e+09   8.0000000e-03
   3.2500000e+09   8.0000000e-03
   3.5000000e+09   8.0000000e-03
   3.7500000e+09   8.0000000e-03
   4.0000000e+09   8.0000000e-03
   4.2500000e+09   8.0000000e-03
   4.5000000e+09   8.0000000e-03
   4.7500000e+09   8.0000000e-03
   5.0000000e+09   8.0000000e-03
   5.2500000e+09   8.0000000e-03
   5.5000000e+09   8.0000000e-03
   5.7500000e+09   8.0000000e-03
   6.0000000e+09   8.0000000e-03
   6.2500000e+09   8.0000000e-03
   6.5000000e+09   8.0000000e-03
   6.7500000e+09   8.0000000e-03
   7.0000000e+09   8.0000000e-03
   7.2500000e+09   8.0000000e-03
   7.5000000e+09   8.0000000e-03
   7.7500000e+09   8.0000000e-03
   8.0000000e+09   8.0000000e-03
   8.2500000e+09   8.0000000e-03
   8.5000000e+09   8.0000000e-03
   8.7500000e+09   8.0000000e-03
   9.0000000e+09   8.0000000e-03
   9.2500000e+09   8.0000000e-03
   9.5000000e+09   8.0000000e-03
   9.7500000e+09   8.0000000e-03
   1.0000000e+10   8.0000000e-03
   1.0250000e+10   8.0000000e-03
   1.0500000e+10   8.0000000e-03
   1.0750000e+10   8.0000000e-03
   1.1000000e+10   8.0000000e-03
   1.1250000e+10   8.0000000e-03
   1.1500000e+10   8.0000000e-03
   1.1750000e+10   8.0000000e-03
   1.2000000e+10   8.0000000e-03
   1.2250000e+10   8.0000000e-03
   1.2500000e+10   8.0000000e-03
   1.2750000e+10   8.0000000e-03
   1.3000000e+10   8.0000000e-03
   1.3250000e+10   8.0000000e-03
   1.3500000e+10   8.0000000e-03
   1.3750000e+10   8.0000000e-03
   1.4000000e+10   8.0000000e-03
   1.4250000e+10   8.0000000e-03
   1.4500000e+10   8.0000000e-03
   1.4750000e+10   8.0000000e-03
   1.5000000e+10   8.0000000e-03
   1.5250000e+10   8.0000000e-03
   1.5500000e+10   8.0000000e-03
   1.5750000e+10   8.0000000e-03
   1.6000000e+10   8.0000000e-03
   1.6250000e+10   8.0000000e-03
   1.6500000e+10   8.0000000e-03
   1.6750000e+10   8.0000000e-03
   1.7000000e+10   8.0000000e-03
   1.7250000e+10   8.0000000e-03
   1.7500000e+10   8.0000000e-03
   1.7750000e+10   8.0000000e-03
   1.8000000e+10   8.0000000e-03
   0.0000000e+00   2.0000000e-02
   1.3000000e+05   2.0000000e-02
   1.4000000e+05   2.0000000e-02
   1.6000000e+05   2.0000000e-02
   1.8000000e+05   2.0000000e-02
   2.0000000e+05   2.0000000e-02
   2.2000000e+05   2.0000000e-02
   2.5000000e+05   2.0000000e-02
   2.8000000e+05   2.0000000e-02
   3.2000000e+05   2.0000000e-02
   3.5000000e+05   2.0000000e-02
   4.0000000e+05   2.0000000e-02
   4.5000000e+05   2.0000000e-02
   5.0000000e+05   2.0000000e-02
   5.6000000e+05   2.0000000e-02
   6.3000000e+05   2.0000000e-02
   7.1000000e+05   2.0000000e-02
   7.9000000e+05   2.0000000e-02
   8.9000000e+05   2.0000000e-02
   1.0000000e+06   2.0000000e-02
   1.0500000e+06   2.0000000e-02
   1.1000000e+06   2.0000000e-02
   1.1500000e+06   2.0000000e-02
   1.2000000e+06   2.0000000e-02
   1.2600000e+06   2.0000000e-02
   1.3200000e+06   2.0000000e-02
   1.3800000e+06   2.0000000e-02
   1.4500000e+06   2.0000000e-02
   1.5100000e+06   2.0000000e-02
   1.5800000e+06   2.0000000e-02
   1.6600000e+06   2.0000000e-02
   1.7400000e+06   2.0000000e-02
   1.8200000e+06   2.0000000e-02
   1.9100000e+06   2.0000000e-02
   2.0000000e+06   2.0000000e-02
   2.0900000e+06   2.0000000e-02
   2.1900000e+06   2.0000000e-02
   2.2900000e+06   2.0000000e-02
   2.4000000e+06   2.0000000e-02
   2.5100000e+06   2.0000000e-02
   2.6300000e+06   2.0000000e-02
   2.7500000e+06   2.0000000e-02
   2.8800000e+06   2.0000000e-02
   3.0200000e+06   2.0000000e-02
   3.1600000e+06   2.0000000e-02
   3.3100000e+06   2.0000000e-02
   3.4700000e+06   2.0000000e-02
   3.6300000e+06   2.0000000e-02
   3.8000000e+06   2.0000000e-02
   3.9800000e+06   2.0000000e-02
   4.1700000e+06   2.0000000e-02
   4.3700000e+06   2.0000000e-02
   4.5700000e+06   2.0000000e-02
   4.7900000e+06   2.0000000e-02
   5.0100000e+06   2.0000000e-02
   5.2500000e+06   2.0000000e-02
   5.5000000e+06   2.0000000e-02
   5.7500000e+06   2.0000000e-02
   6.0300000e+06   2.0000000e-02
   6.3100000e+06   2.0000000e-02
   6.6100000e+06   2.0000000e-02
   6.9200000e+06   2.0000000e-02
   7.2400000e+06   2.0000000e-02
   7.5900000e+06   2.0000000e-02
   7.9400000e+06   2.0000000e-02
   8.3200000e+06   2.0000000e-02
   8.7100000e+06   2.0000000e-02
   9.1200000e+06   2.0000000e-02
   9.5500000e+06   2.0000000e-02
   1.0000000e+07   2.0000000e-02
   1.0470000e+07   2.0000000e-02
   1.0960000e+07   2.0000000e-02
   1.1480000e+07   2.0000000e-02
   1.2020000e+07   2.0000000e-02
   1.2590000e+07   2.0000000e-02
   1.3180000e+07   2.0000000e-02
   1.3800000e+07   2.0000000e-02
   1.4450000e+07   2.0000000e-02
   1.5140000e+07   2.0000000e-02
   1.5850000e+07   2.0000000e-02
   1.6600000e+07   2.0000000e-02
   1.7380000e+07   2.0000000e-02
   1.8200000e+07   2.0000000e-02
   1.9050000e+07   2.0000000e-02
   1.9950000e+07   2.0000000e-02
   2.0890000e+07   2.0000000e-02
   2.1880000e+07   2.0000000e-02
   2.2910000e+07   2.0000000e-02
   2.3990000e+07   2.0000000e-02
   2.5120000e+07   2.0000000e-02
   2.6300000e+07   2.0000000e-02
   2.7540000e+07   2.0000000e-02
   2.9000000e+07   2.0000000e-02
   3.0000000e+07   2.0000000e-02
   3.1000000e+07   2.0000000e-02
   3.2000000e+07   2.0000000e-02
   3.3000000e+07   2.0000000e-02
   3.4000000e+07   2.0000000e-02
   3.5000000e+07   2.0000000e-02
   3.6000000e+07   2.0000000e-02
   3.7000000e+07   2.0000000e-02
   3.8000000e+07   2.0000000e-02
   3.9000000e+07   2.0000000e-02
   4.0000000e+07   2.0000000e-02
   4.2500000e+07   2.0000000e-02
   4.5000000e+07   2.0000000e-02
   4.7500000e+07   2.0000000e-02
   5.0000000e+07   2.0000000e-02
   5.2500000e+07   2.0000000e-02
   5.5000000e+07   2.0000000e-02
   5.7090000e+07   2.0000000e-02
   6.4050000e+07   2.0000000e-02
   7.1870000e+07   2.0000000e-02
   8.0640000e+07   2.0000000e-02
   9.0480000e+07   2.0000000e-02
   1.0152000e+08   2.0000000e-02
   1.1391000e+08   2.0000000e-02
   1.2780000e+08   2.0000000e-02
   1.4340000e+08   2.0000000e-02
   1.6090000e+08   2.0000000e-02
   1.8053000e+08   2.0000000e-02
   2.0256000e+08   2.0000000e-02
   2.2727000e+08   2.0000000e-02
   2.5500000e+08   2.0000000e-02
   2.8612000e+08   2.0000000e-02
   3.2103000e+08   2.0000000e-02
   3.6020000e+08   2.0000000e-02
   4.0415000e+08   2.0000000e-02
   4.5347000e+08   2.0000000e-02
   5.0880000e+08   2.0000000e-02
   5.7088000e+08   2.0000000e-02
   6.4054000e+08   2.0000000e-02
   7.1870000e+08   2.0000000e-02
   8.0640000e+08   2.0000000e-02
   9.0479000e+08   2.0000000e-02
   1.0151900e+09   2.0000000e-02
   1.1390700e+09   2.0000000e-02
   1.2780500e+09   2.0000000e-02
   1.4340000e+09   2.0000000e-02
   1.6089800e+09   2.0000000e-02
   1.6800000e+09   2.0000000e-02
   1.7000000e+09   2.0000000e-02
   1.8000000e+09   2.0000000e-02
   1.9000000e+09   2.0000000e-02
   2.0000000e+09   2.0000000e-02
   2.1000000e+09   2.0000000e-02
   2.2000000e+09   2.0000000e-02
   2.3000000e+09   2.0000000e-02
   2.4000000e+09   2.0000000e-02
   2.5000000e+09   2.0000000e-02
   2.6000000e+09   2.0000000e-02
   2.7500000e+09   2.0000000e-02
   3.0000000e+09   2.0000000e-02
   3.2500000e+09   2.0000000e-02
   3.5000000e+09   2.0000000e-02
   3.7500000e+09   2.0000000e-02
   4.0000000e+09   2.0000000e-02
   4.2500000e+09   2.0000000e-02
   4.5000000e+09   2.0000000e-02
   4.7500000e+09   2.0000000e-02
   5.0000000e+09   2.0000000e-02
   5.2500000e+09   2.0000000e-02
   5.5000000e+09   2.0000000e-02
   5.7500000e+09   2.0000000e-02
   6.0000000e+09   2.0000000e-02
   6.2500000e+09   2.0000000e-02
   6.5000000e+09   2.0000000e-02
   6.7500000e+09   2.0000000e-02
   7.0000000e+09   2.0000000e-02
   7.2500000e+09   2.0000000e-02
   7.5000000e+09   2.0000000e-02
   7.7500000e+09   2.0000000e-02
   8.0000000e+09   2.0000000e-02
   8.2500000e+09   2.0000000e-02
   8.5000000e+09   2.0000000e-02
   8.7500000e+09   2.0000000e-02
   9.0000000e+09   2.0000000e-02
   9.2500000e+09   2.0000000e-02
   9.5000000e+09   2.0000000e-02
   9.7500000e+09   2.0000000e-02
   1.0000000e+10   2.0000000e-02
   1.0250000e+10   2.0000000e-02
   1.0500000e+10   2.0000000e-02
   1.0750000e+10   2.0000000e-02
   1.1000000e+10   2.0000000e-02
   1.1250000e+10   2.0000000e-02
   1.1500000e+10   2.0000000e-02
   1.1750000e+10   2.0000000e-02
   1.2000000e+10   2.0000000e-02
   1.2250000e+10   2.0000000e-02
   1.2500000e+10   2.0000000e-02
   1.2750000e+10   2.0000000e-02
   1.3000000e+10   2.0000000e-02
   1.3250000e+10   2.0000000e-02
   1.3500000e+10   2.0000000e-02
   1.3750000e+10   2.0000000e-02
   1.4000000e+10   2.0000000e-02
   1.4250000e+10   2.0000000e-02
   1.4500000e+10   2.0000000e-02
   1.4750000e+10   2.0000000e-02
   1.5000000e+10   2.0000000e-02
   1.5250000e+10   2.0000000e-02
   1.5500000e+10   2.0000000e-02
   1.5750000e+10   2.0000000e-02
   1.6000000e+10   2.0000000e-02
   1.6250000e+10   2.0000000e-02
   1.6500000e+10   2.0000000e-02
   1.6750000e+10   2.0000000e-02
   1.7000000e+10   2.0000000e-02
   1.7250000e+10   2.0000000e-02
   1.7500000e+10   2.0000000e-02
   1.7750000e+10   2.0000000e-02
   1.8000000e+10   2.0000000e-02
   0.0000000e+00   5.0000000e-02
   1.3000000e+05   5.0000000e-02
   1.4000000e+05   5.0000000e-02
   1.6000000e+05   5.0000000e-02
   1.8000000e+05   5.0000000e-02
   2.0000000e+05   5.0000000e-02
   2.2000000e+05   5.0000000e-02
   2.5000000e+05   5.0000000e-02
   2.8000000e+05   5.0000000e-02
   3.2000000e+05   5.0000000e-02
   3.5000000e+05   5.0000000e-02
   4.0000000e+05   5.0000000e-02
   4.5000000e+05   5.0000000e-02
   5.0000000e+05   5.0000000e-02
   5.6000000e+05   5.0000000e-02
   6.3000000e+05   5.0000000e-02
   7.1000000e+05   5.0000000e-02
   7.9000000e+05   5.0000000e-02
   8.9000000e+05   5.0000000e-02
   1.0000000e+06   5.0000000e-02
   1.0500000e+06   5.0000000e-02
   1.1000000e+06   5.0000000e-02
   1.1500000e+06   5.0000000e-02
   1.2000000e+06   5.0000000e-02
   1.2600000e+06   5.0000000e-02
   1.3200000e+06   5.0000000e-02
   1.3800000e+06   5.0000000e-02
   1.4500000e+06   5.0000000e-02
   1.5100000e+06   5.0000000e-02
   1.5800000e+06   5.0000000e-02
   1.6600000e+06   5.0000000e-02
   1.7400000e+06   5.0000000e-02
   1.8200000e+06   5.0000000e-02
   1.9100000e+06   5.0000000e-02
   2.0000000e+06   5.0000000e-02
   2.0900000e+06   5.0000000e-02
   2.1900000e+06   5.0000000e-02
   2.2900000e+06   5.0000000e-02
   2.4000000e+06   5.0000000e-02
   2.5100000e+06   5.0000000e-02
   2.6300000e+06   5.0000000e-02
   2.7500000e+06   5.0000000e-02
   2.8800000e+06   5.0000000e-02
   3.0200000e+06   5.0000000e-02
   3.1600000e+06   5.0000000e-02
   3.3100000e+06   5.0000000e-02
   3.4700000e+06   5.0000000e-02
   3.6300000e+06   5.0000000e-02
   3.8000000e+06   5.0000000e-02
   3.9800000e+06   5.0000000e-02
   4.1700000e+06   5.0000000e-02
   4.3700000e+06   5.0000000e-02
   4.5700000e+06   5.0000000e-02
   4.7900000e+06   5.0000000e-02
   5.0100000e+06   5.0000000e-02
   5.2500000e+06   5.0000000e-02
   5.5000000e+06   5.0000000e-02
   5.7500000e+06   5.0000000e-02
   6.0300000e+06   5.0000000e-02
   6.3100000e+06   5.0000000e-02
   6.6100000e+06   5.0000000e-02
   6.9200000e+06   5.0000000e-02
   7.2400000e+06   5.0000000e-02
   7.5900000e+06   5.0000000e-02
   7.9400000e+06   5.0000000e-02
   8.3200000e+06   5.0000000e-02
   8.7100000e+06   5.0000000e-02
   9.1200000e+06   5.0000000e-02
   9.5500000e+06   5.0000000e-02
   1.0000000e+07   5.0000000e-02
   1.0470000e+07   5.0000000e-02
   1.0960000e+07   5.0000000e-02
   1.1480000e+07   5.0000000e-02
   1.2020000e+07   5.0000000e-02
   1.2590000e+07   5.0000000e-02
   1.3180000e+07   5.0000000e-02
   1.3800000e+07   5.0000000e-02
   1.4450000e+07   5.0000000e-02
   1.5140000e+07   5.0000000e-02
   1.5850000e+07   5.0000000e-02
   1.6600000e+07   5.0000000e-02
   1.7380000e+07   5.0000000e-02
   1.8200000e+07   5.0000000e-02
   1.9050000e+07   5.0000000e-02
   1.9950000e+07   5.0000000e-02
   2.0890000e+07   5.0000000e-02
   2.1880000e+07   5.0000000e-02
   2.2910000e+07   5.0000000e-02
   2.3990000e+07   5.0000000e-02
   2.5120000e+07   5.0000000e-02
   2.6300000e+07   5.0000000e-02
   2.7540000e+07   5.0000000e-02
   2.9000000e+07   5.0000000e-02
   3.0000000e+07   5.0000000e-02
   3.1000000e+07   5.0000000e-02
   3.2000000e+07   5.0000000e-02
   3.3000000e+07   5.0000000e-02
   3.4000000e+07   5.0000000e-02
   3.5000000e+07   5.0000000e-02
   3.6000000e+07   5.0000000e-02
   3.7000000e+07   5.0000000e-02
   3.8000000e+07   5.0000000e-02
   3.9000000e+07   5.0000000e-02
   4.0000000e+07   5.0000000e-02
   4.2500000e+07   5.0000000e-02
   4.5000000e+07   5.0000000e-02
   4.7500000e+07   5.0000000e-02
   5.0000000e+07   5.0000000e-02
   5.2500000e+07   5.0000000e-02
   5.5000000e+07   5.0000000e-02
   5.7090000e+07   5.0000000e-02
   6.4050000e+07   5.0000000e-02
   7.1870000e+07   5.0000000e-02
   8.0640000e+07   5.0000000e-02
   9.0480000e+07   5.0000000e-02
   1.0152000e+08   5.0000000e-02
   1.1391000e+08   5.0000000e-02
   1.2780000e+08   5.0000000e-02
   1.4340000e+08   5.0000000e-02
   1.6090000e+08   5.0000000e-02
   1.8053000e+08   5.0000000e-02
   2.0256000e+08   5.0000000e-02
   2.2727000e+08   5.0000000e-02
   2.5500000e+08   5.0000000e-02
   2.8612000e+08   5.0000000e-02
   3.2103000e+08   5.0000000e-02
   3.6020000e+08   5.0000000e-02
   4.0415000e+08   5.0000000e-02
   4.5347000e+08   5.0000000e-02
   5.0880000e+08   5.0000000e-02
   5.7088000e+08   5.0000000e-02
   6.4054000e+08   5.0000000e-02
   7.1870000e+08   5.0000000e-02
   8.0640000e+08   5.0000000e-02
   9.0479000e+08   5.0000000e-02
   1.0151900e+09   5.0000000e-02
   1.1390700e+09   5.0000000e-02
   1.2780500e+09   5.0000000e-02
   1.4340000e+09   5.0000000e-02
   1.6089800e+09   5.0000000e-02
   1.6800000e+09   5.0000000e-02
   1.7000000e+09   5.0000000e-02
   1.8000000e+09   5.0000000e-02
   1.9000000e+09   5.0000000e-02
   2.0000000e+09   5.0000000e-02
   2.1000000e+09   5.0000000e-02
   2.2000000e+09   5.0000000e-02
   2.3000000e+09   5.0000000e-02
   2.4000000e+09   5.0000000e-02
   2.5000000e+09   5.0000000e-02
   2.6000000e+09   5.0000000e-02
   2.7500000e+09   5.0000000e-02
   3.0000000e+09   5.0000000e-02
   3.2500000e+09   5.0000000e-02
   3.5000000e+09   5.0000000e-02
   3.7500000e+09   5.0000000e-02
   4.0000000e+09   5.0000000e-02
   4.2500000e+09   5.0000000e-02
   4.5000000e+09   5.0000000e-02
   4.7500000e+09   5.0000000e-02
   5.0000000e+09   5.0000000e-02
   5.2500000e+09   5.0000000e-02
   5.5000000e+09   5.0000000e-02
   5.7500000e+09   5.0000000e-02
   6.0000000e+09   5.0000000e-02
   6.2500000e+09   5.0000000e-02
   6.5000000e+09   5.0000000e-02
   6.7500000e+09   5.0000000e-02
   7.0000000e+09   5.0000000e-02
   7.2500000e+09   5.0000000e-02
   7.5000000e+09   5.0000000e-02
   7.7500000e+09   5.0000000e-02
   8.0000000e+09   5.0000000e-02
   8.2500000e+09   5.0000000e-02
   8.5000000e+09   5.0000000e-02
   8.7500000e+09   5.0000000e-02
   9.0000000e+09   5.0000000e-02
   9.2500000e+09   5.0000000e-02
   9.5000000e+09   5.0000000e-02
   9.7500000e+09   5.0000000e-02
   1.0000000e+10   5.0000000e-02
   1.0250000e+10   5.0000000e-02
   1.0500000e+10   5.0000000e-02
   1.0750000e+10   5.0000000e-02
   1.1000000e+10   5.0000000e-02
   1.1250000e+10   5.0000000e-02
   1.1500000e+10   5.0000000e-02
   1.1750000e+10   5.0000000e-02
   1.2000000e+10   5.0000000e-02
   1.2250000e+10   5.0000000e-02
   1.2500000e+10   5.0000000e-02
   1.2750000e+10   5.0000000e-02
   1.3000000e+10   5.0000000e-02
   1.3250000e+10   5.0000000e-02
   1.3500000e+10   5.0000000e-02
   1.3750000e+10   5.0000000e-02
   1.4000000e+10   5.0000000e-02
   1.4250000e+10   5.0000000e-02
   1.4500000e+10   5.0000000e-02
   1.4750000e+10   5.0000000e-02
   1.5000000e+10   5.0000000e-02
   1.5250000e+10   5.0000000e-02
   1.5500000e+10   5.0000000e-02
   1.5750000e+10   5.0000000e-02
   1.6000000e+10   5.0000000e-02
   1.6250000e+10   5.0000000e-02
   1.6500000e+10   5.0000000e-02
   1.6750000e+10   5.0000000e-02
   1.7000000e+10   5.0000000e-02
   1.7250000e+10   5.0000000e-02
   1.7500000e+10   5.0000000e-02
   1.7750000e+10   5.0000000e-02
   1.8000000e+10   5.0000000e-02
